
| FW12345    | 2      | 2.0          | 2.0         | 2.0                | CAG        | 2.0             |
| FW33333    | 2      | 2.0          | 2.0         | 2.0                | LGR        | 2.0             |
| RW12345    | 2      | 2.0          | 2.0         | 2.0                | 2.0    |
| RW34444    | 2      | 2.0          | 2.0         | 2.0                | 2.0    |
| FW12346    | 3      | 3.0          | 3.0         | 3.0                | LGR        | 2.0             |
| RW12344    | 3      | 3.0          | 3.0         | 3.0                | 2.0    |
| FW12355    | 2      | 2.0          | 2.0         | 1.0                | LGR        | 1.0             |
| RW12355    | 2      | 2.0          | 3.0         | 2.0                | 1.0    |
| FW33339    |        | 4.0          | 34.0        | 34.0               | LGR        | 2.0             |
